11543
28997
11541
11547
28993
28992
11549
25605
19396
5980
19394
5987
28566
22261
22260
22266
22269
22268
25060
25066
6796
27371
27372
27373
6792
27375
6798
6799
25289
25280
19973
16252
19970
16708
16255
19974
16705
279
16258
16700
22484
12018
22482
12017
12016
22489
22488
12013
12012
26394
26392
17254
9258
10703
10702
9255
9252
10706
9522
24883
24880
24887
24886
21611
21610
26575
26027
26025
26028
1213
22875
24088
24083
24081
24087
22879
24084
23774
3513
3510
3516
3515
3514
2689
2684
2685
2680
2683
14624
14625
14626
14623
25528
91
90
13059
13050
13054
13055
8879
18706
17829
17826
17824
17823
17822
17820
519
27572
20253
20256
27577
20255
1173
1170
23507
23506
23057
23056
23503
1179
24252
22958
27618
27615
27614
29389
7188
22953
29100
29103
7183
7184
29104
7186
22950
12837
12836
12834
871
15281
8540
15283
8010
7456
26624
26623
26629
7458
7459
28386
27370
628
6797
4595
23120
10885
10880
28382
10882
22679
4736
1228
22672
4846
6793
16884
2318
26568
26564
4735
26563
26561
24704
24706
21471
6531
22018
397
396
395
22012
399
398
22016
22017
2308
13618
4728
13616
27722
5847
5845
16067
5843
27721
19702
11280
5848
17620
17626
17629
3745
3740
4620
4621
4625
13537
13539
28256
25248
5201
11755
11752
29266
11759
11758
16393
16390
29267
16396
16397
16395
1310
16399
14536
10463
17654
20884
20736
16373
25545
25544
25547
25540
179
178
13285
174
13281
170
24510
17541
3774
21930
21931
21934
21935
21936
21938
21288
2657
20089
20083
10390
10393
10395
16936
270
7211
17388
16939
6215
17389
6213
12223
12220
6210
6219
6218
15879
15874
15875
6815
6817
278
29371
29377
29374
29375
207
10577
10570
21426
21427
18936
18937
21423
18932
18933
18938
24149
8842
8845
13464
14521
7668
7660
26815
26811
11843
11842
11190
24551
24553
24554
24558
14342
1546
1547
690
1545
696
14341
694
14471
14470
28355
14472
11768
14477
28422
8713
8715
8717
8719
13844
13848
14349
3010
5619
3048
5613
5617
18122
5615
21195
11568
23267
23262
23260
1254
11561
11562
11563
11564
11565
11566
23269
3042
9257
22247
22246
22244
22240
26757
25040
25735
25733
9250
6778
27396
27394
27395
6770
6771
27390
6773
1253
9967
9962
9968
4664
19918
259
16723
16722
19913
251
255
12033
12036
12035
9502
9503
9506
9504
21632
21636
23345
3686
3684
2518
2519
2515
2516
26042
26047
2513
23831
3533
3532
5058
3534
3536
5054
5055
4661
5050
5051
5053
21291
21925
22523
10760
14642
14643
14864
14646
14863
14860
14645
18544
14648
2795
18541
18540
18542
22603
13070
13074
13077
13079
13891
18765
18095
27806
27552
27553
20279
10184
10180
10183
10188
29290
29295
1159
1155
23071
23070
1151
23076
23075
23074
15118
15114
15116
15110
29125
29123
29122
29121
25897
29129
25894
22877
28028
8034
8039
8038
8529
8528
12583
12853
12852
12587
12586
26603
26607
26605
22878
26608
23407
22654
22651
22658
22659
26545
26546
26547
22382
22380
22384
4298
13984
4294
13986
13987
4290
4293
23381
23380
28654
23382
28653
23389
24763
24764
28659
22030
22032
22034
22039
4748
4743
13673
4741
19767
16008
16009
5863
1329
17359
17609
17606
17357
17356
17603
17352
25386
2181
25382
25381
25380
4607
4605
13512
25389
4601
12420
23926
6906
12239
23928
6904
27231
27233
19589
8138
19582
27238
19580
155
12426
157
7583
20717
20716
20715
12427
20863
20862
6459
25561
25565
19250
8137
19636
16117
15438
6180
15439
28547
2725
2722
2729
15860
9193
7235
9195
7233
7230
7943
10375
10373
10370
16918
16914
9746
16913
29362
12208
12209
6234
6236
12202
10518
10513
9777
29354
10514
18950
8865
24168
8863
8860
8861
14989
18958
24167
21400
8868
8869
818
819
812
814
26834
26837
19153
24151
5267
5266
5265
5264
1704
1706
1707
1708
14182
14185
14184
5269
5268
15854
15856
15853
15858
15859
2090
14504
13409
14454
14451
14450
24576
24575
24574
24572
24571
18379
28409
16377
17986
3027
28401
3024
28404
15586
15584
8739
8737
8735
8731
13865
4195
4193
5670
3954
8830
23189
23245
23246
23241
23242
12447
12444
6434
15322
6432
15320
15321
27004
12449
25875
6759
6757
6754
9943
9946
9944
9948
9949
16217
19247
16745
16748
28423
19938
12052
12055
239
12056
12058
230
20607
25714
25715
25717
27928
26802
21877
21655
21657
21659
21878
22319
26067
2538
2534
2535
20257
17167
17163
17160
22831
22833
5077
22836
17169
939
9563
9565
9566
9567
932
10745
930
937
10742
10741
10740
5380
14669
14848
14849
5387
18563
14661
18561
18560
14664
14665
14666
18564
13099
13097
13092
13093
27828
27829
20297
20292
27821
20291
9384
796
9381
791
23508
9389
799
2142
11186
1138
1133
1131
1130
1137
13771
1135
15138
13776
26991
26994
7145
18747
18744
18743
18741
13584
18748
8053
8500
8504
8055
12870
8508
8058
12879
13585
19370
2880
7492
26660
7490
26662
26665
26667
7495
23013
24299
23015
23017
28097
23019
24296
24297
22633
22630
22636
22638
26523
26520
26521
26527
11168
26528
11169
24742
24746
24747
28898
28899
28675
28676
5621
14406
28896
1925
14407
11160
26298
4760
4763
4762
4767
26295
26297
7189
11245
11244
2616
8767
16028
1578
19038
5803
16021
19742
5807
19033
19746
16027
17372
17371
17376
684
25365
25364
25366
15200
23900
23907
23905
23904
11793
8769
11791
11790
11797
27212
27210
27217
20846
25500
25505
16689
16686
16681
4888
10350
10352
10353
2705
2704
2700
4887
7963
10688
7966
9178
9175
9174
10686
9172
10684
9170
16979
16972
16974
16975
17081
17080
12268
6258
17084
17087
17088
6255
10530
10531
10532
10534
10535
10536
14944
27575
18994
9713
9712
9711
9716
9714
3474
833
22995
22994
22993
8889
22991
835
21462
18971
8886
21461
21467
22999
18977
20591
20595
20594
20597
26852
26856
26855
26858
1729
9005
24292
15832
13134
15831
15837
15835
15838
5625
10229
7930
7024
28183
28461
28463
10678
28465
3000
28467
28466
28469
28468
5620
18351
18352
18353
20334
27456
20330
17968
27452
17966
1583
9109
1586
27458
17960
3314
9454
21516
2618
24035
5659
5656
5655
5652
5650
4452
23735
23736
28286
28280
23738
23739
16983
23228
23229
27020
27023
23222
23223
23220
21519
27028
12486
15308
15309
12465
12466
15307
6411
6410
15302
16986
7773
19255
21142
19487
2756
3914
3913
19489
6731
8316
6733
6734
8311
8313
6738
9929
5996
9921
9922
9926
216
217
214
215
19267
28980
16768
16766
23272
16762
10324
12078
6086
12076
6084
6085
22179
12072
6080
14931
3285
24863
5998
25770
25776
25774
24865
21852
24825
28732
21672
3649
3647
3644
3640
26087
26083
11476
11470
11471
5011
5012
5014
5015
17418
17417
17147
17141
17410
25192
25193
4418
13307
4412
4411
4410
919
9548
9549
915
917
911
9540
14821
20104
20102
20103
20101
20333
27595
27592
27593
27599
27849
27840
18501
11810
11812
18508
12838
15150
15153
15155
15159
15158
25052
29426
504
7168
7169
7160
391
3423
29392
29393
12899
631
12895
12891
8074
26647
26643
26642
26640
22010
1446
1115
20338
1440
1119
12322
23033
1218
23031
6331
22619
22349
22346
22613
22342
22343
26508
26505
15546
27739
12168
8268
17422
28616
28617
15543
18497
18496
6529
4789
8265
2306
4783
5821
19015
11269
23697
5824
5827
5826
11263
23698
19707
27737
16061
16062
25698
25349
25341
25340
25347
25694
25345
23969
27331
23961
9676
23967
14541
8887
11060
27270
27272
11063
27277
29214
25526
25525
25523
25522
194
191
190
193
192
21990
21991
21996
21994
21995
17424
3746
17317
17319
12790
12791
12797
12795
9154
9157
10334
9152
2762
10338
2766
2764
16406
16407
9489
16403
16956
9483
7901
7902
9487
9486
16409
12240
12241
12243
12244
6274
12247
17896
21190
21191
21196
21197
17897
20823
20822
20825
20827
20826
20829
4626
9736
9738
21336
21337
21334
21332
21445
4629
24128
21338
857
3457
22977
22971
22970
22973
4088
28270
16242
26871
10586
26874
26875
26877
11850
14148
14145
14144
14141
14140
424
5229
22490
5223
5221
5227
5226
18816
13113
13112
13115
15810
15811
13118
15814
15815
15817
11183
17945
17946
14498
17940
14493
28446
3069
14490
28443
14496
28441
20313
20311
27470
20317
20316
19562
19564
8434
4816
29065
29062
29061
29068
23201
23202
23203
23204
23206
23207
23209
28917
28916
28911
27040
27041
27046
19131
27044
497
15368
15362
12400
6477
26280
15364
15365
20739
7754
7757
7756
7750
7839
9534
3938
3935
3937
3936
3931
3933
27804
8336
8337
6718
6716
8338
8339
9906
9907
17642
24461
24460
24468
19208
20361
20366
19203
19207
20367
22157
22156
22405
22158
22400
13754
13757
4047
4040
26318
13753
13752
26315
26314
26316
4048
13758
25758
25759
25750
25752
25753
25755
3665
21838
24803
21833
24800
21835
24806
24805
19920
2578
11499
2576
2574
2573
2570
2571
11458
11456
11457
11452
17434
3592
17436
17437
17431
5036
5035
17438
17439
5030
13325
13326
13320
4430
4433
13323
17123
17120
17121
17126
17127
973
21283
979
20127
20120
20121
20128
8086
5287
20903
27863
27869
10476
10479
10478
21945
29279
29275
8926
11870
18839
8922
18529
14807
18835
14809
18836
18523
18522
18833
18832
15179
15177
15175
15173
3384
15171
29180
7103
7105
7107
5410
5411
3380
22800
1681
1680
18789
1685
1689
1688
18785
14777
28057
14772
24258
28053
24256
28058
28059
28015
1467
1461
1463
24784
651
24780
4239
4238
4235
24788
4230
5591
28631
5593
5592
5595
5594
28636
5598
16568
13695
318
4217
7215
11201
11203
11204
11208
16567
19077
4212
27789
22365
22366
22367
27785
22369
27786
25321
25323
25324
25327
25329
23947
23416
23943
23410
28357
23419
23418
27257
27256
27255
27251
10718
22092
22093
6931
22094
6645
22099
8558
15405
2291
2296
6641
14652
19692
19690
14871
19699
15408
19315
8690
10916
10914
19314
10911
17337
19313
17335
17334
17333
17331
17330
9133
7927
9131
7922
9136
10649
10646
10647
10644
9138
10642
10315
7928
16428
16429
16420
16421
6299
6294
6290
26127
26124
26120
26121
20803
28222
26128
20800
9751
9750
21319
21315
21316
21312
21313
3438
17592
17590
17597
878
28744
876
28350
17599
3433
22954
2740
2742
2033
2744
2030
4845
4598
4847
11999
14169
5204
14163
14161
11992
14167
14165
5966
638
13413
13179
4560
13172
13174
18646
18647
18312
18643
18316
11196
11199
18648
18649
17922
17923
17920
17921
17926
17924
3040
17929
3047
3046
27418
16302
21071
20373
27415
20376
1097
1093
1912
15697
29048
29044
29041
29042
23779
1324
1325
23770
1328
28930
28937
28936
23776
23777
27068
15341
15434
15435
6903
15345
8684
6900
27060
12429
27063
6909
6908
7732
7737
7736
19199
19198
3958
19193
19440
19197
19196
8358
8359
8357
20265
24440
24447
24446
27811
24449
22139
22131
22421
22420
22425
22136
13773
13772
4060
7662
4067
4065
26333
26332
13779
13778
26337
5785
5781
5782
5789
3602
3607
3606
3605
3854
19991
19993
19221
19999
11431
11436
11435
17452
17453
17450
17451
17456
17457
17106
17455
17109
17458
17459
13343
4451
13341
4457
4459
13349
953
954
21815
24862
21813
24869
21819
20143
20146
20147
20145
20149
25302
16854
16857
16856
16853
16852
12165
12164
6337
12161
12160
12162
6339
12471
27888
27886
27887
29211
10452
29213
9671
10454
10106
9678
10100
13903
10102
21767
21768
11858
8908
8905
11851
8901
1148
11857
23045
26938
7127
26931
4964
1666
1663
594
596
599
24274
24275
24277
2829
24272
2825
2826
26687
26686
2822
26684
28032
5416
28031
3382
14759
28034
28035
14756
14752
14753
1408
1403
19704
4214
13906
4216
13900
14478
19453
13909
18105
18102
20923
28428
5574
5573
28425
335
336
1548
11229
11227
11225
11224
11222
11220
19058
19051
19052
25905
22306
22307
22305
22309
25909
25908
25309
25308
25307
25305
25656
25651
25650
25653
23433
23432
23439
7196
1497
16199
16628
16626
16624
16197
16620
16621
12758
12759
12757
12754
6104
6101
6100
10934
10931
10933
16997
9111
9445
9112
9442
9441
9440
12284
12285
16448
12287
12280
12283
21152
12329
6109
26109
26106
11927
26100
21485
21481
21482
3416
3417
22934
21372
21376
21377
3419
10364
12827
8535
13489
4869
10662
13481
13480
13483
13482
2011
13484
14101
18483
18485
18489
13389
17717
17710
17712
1591
17718
26633
13153
28761
20681
20683
7446
20685
10593
22691
10596
10597
10599
18668
18665
20425
27435
27433
29096
17905
20359
20358
7012
19902
18690
12990
21520
12994
12996
21527
29531
29538
29539
29022
1349
1340
451
454
455
457
8118
6929
15419
15414
8113
6927
15417
4464
15412
7710
26744
26745
26742
7719
7718
5685
8376
8375
8372
8370
8371
387
28951
24428
28952
28770
24423
24425
24427
24426
22443
22442
22113
22444
22447
22110
26351
24053
26354
26357
26356
4003
24870
13716
19421
19423
19422
3974
3977
3976
3979
3629
3621
3625
3627
3626
4286
11410
11416
6887
16296
16292
17478
15791
17470
17474
17475
17476
4479
13369
25464
25465
25099
13360
4475
4476
24349
24849
24848
24847
24844
24841
2464
20169
6444
2463
20160
20162
20163
20164
2469
20166
20170
5341
16873
16872
16871
20893
12143
12142
12146
6319
9653
9651
9656
9657
29238
9304
10122
9658
28754
29233
9301
29231
10124
18870
21741
18872
21747
18874
18879
8961
8966
8965
8964
26919
26913
26917
1644
1642
1649
1648
29493
29491
29490
29497
573
572
570
577
574
2809
18290
18293
18292
2803
2806
2804
2805
1420
5430
14739
3369
28548
3364
28011
3361
3362
28017
1205
13962
13669
4270
4276
13964
13965
4279
1200
2015
5557
5551
18126
18125
18124
5558
2016
8588
8584
27392
5883
23187
23638
23637
23188
23632
15065
6550
6551
15063
15069
6559
22328
22329
25920
25927
25925
22320
22321
22322
22323
22327
25679
25678
25670
25677
25676
23982
23455
23457
23984
27290
9887
7505
9885
7500
9881
350
14550
9889
16605
16606
16607
16602
16603
16609
6124
28276
12773
6129
19745
10115
22587
22580
22583
10958
15972
16460
16462
17639
16464
16465
16467
16468
24989
24986
24984
4852
26168
26169
25586
2257
26163
26160
2254
2252
2251
21351
24180
24184
21357
253
22916
22915
22914
16721
22911
4801
2787
16232
4806
4807
4808
2788
11605
11604
11607
11606
10604
11602
2073
2072
2071
11609
2074
11958
18469
18466
11954
18465
11951
14121
14120
17732
27985
17737
27981
17739
27989
9792
9790
9794
9799
14389
18066
14381
14380
18606
18607
14384
20402
20407
20408
12978
12977
15654
15655
15652
15653
7081
29001
7083
29551
7086
7089
7088
19964
8171
6497
8173
8176
15383
6498
15478
6948
15473
15470
15471
6947
15474
20896
20725
26760
26763
17906
27438
8398
8396
8397
8390
8392
4398
24405
24404
24402
4391
4395
4396
1366
3196
28751
471
28209
1363
3190
28976
28975
28206
28973
22469
22467
22463
13737
13736
13734
4022
26378
26374
13738
11380
11382
11383
11385
19158
3999
19408
19155
3996
19405
25559
19402
3991
23847
23845
23842
23841
23848
23849
27172
27170
299
290
27179
25117
25447
2442
12525
2440
2445
7866
7864
7862
26040
7868
16818
8090
16814
6379
6371
12123
12125
6377
10416
10414
10145
10144
10410
12528
9639
9329
9322
9632
9633
9326
9324
9637
21729
21728
8943
8942
18859
21721
8948
21723
28104
21727
26971
26973
26972
26974
3390
6214
2738
1432
3206
1993
3203
1994
5184
1996
1999
28008
3209
3398
22817
559
2865
2866
2868
554
14710
14711
14712
14242
28561
14240
28563
24230
24232
1439
28568
14248
5458
5459
1191
1193
1192
1195
1197
1196
27437
4259
4258
4250
13942
13943
4254
18149
5532
28690
11109
28696
28694
18141
5539
18145
18146
4260
23618
23612
23614
6572
6571
6576
27763
27761
27760
27767
27766
27765
25948
7691
7692
1341
25941
3834
23476
23475
23473
23470
3839
23479
23478
6229
11102
7522
374
377
16663
19365
16664
19361
16668
18891
6143
12713
6147
12717
6145
12715
6148
14647
10970
8111
10975
26498
25619
26493
19305
21112
21113
21110
21116
21117
16488
16485
16483
16481
22706
19309
22709
26140
2274
16179
26144
2270
2273
26149
2278
11594
11592
11598
6211
17280
17287
17538
17535
17289
17288
17531
17533
17532
2053
4538
2056
2059
4535
4825
4822
4531
4532
13442
11623
11627
11624
10620
7989
11629
11628
10624
17555
10627
21412
11977
11974
17759
17758
24170
27968
27965
17752
20641
20643
17756
13198
27994
13193
20398
20393
28669
20462
20464
20395
20466
7324
7326
16311
7322
7323
10080
10082
18443
21061
18448
14207
15672
15678
4171
801
7064
7063
7061
18624
18626
18627
18628
15450
15907
15904
8628
15901
8156
6968
8154
12489
8622
5899
11065
24395
24394
24393
24392
26703
26705
18097
9988
9985
9982
9980
11025
20270
11026
14501
11022
11029
11028
414
27805
1388
1389
1384
28730
23282
23283
23284
23285
28225
23287
24429
28774
11364
11365
11363
19179
27906
19171
19177
19175
28954
25910
15884
25911
8807
23868
19284
19288
23861
23863
27155
27156
23640
27151
27153
1597
25135
25138
25423
25420
25427
25424
25425
22446
6680
6681
6682
2429
2421
2426
25315
16836
16346
16343
16342
7847
25641
19829
19828
7843
7842
6357
6352
9340
9341
9343
9612
9613
10169
9611
9349
10165
3460
21706
21702
23426
21709
1816
3844
1812
14883
1818
1819
14887
26959
26958
26956
26954
14089
24542
3229
3228
1979
3225
1600
1975
1972
3223
13277
13274
13275
13272
13270
13278
2849
2846
18362
2843
5474
5475
3324
28504
3327
3328
3329
14266
14261
5478
322
20074
20073
20071
1557
20078
20079
20483
3972
18167
1551
20952
18163
18160
325
18168
5519
5518
1552
20484
5515
5517
15501
28438
1559
3034
535
533
14134
530
539
23671
28435
23675
23676
14467
27700
3032
27707
27706
27709
29128
10024
5134
25960
15021
6511
15022
15024
25969
17048
3813
3810
23499
3817
3815
23496
23491
23492
8457
7541
7542
7545
7546
7547
16648
16138
19616
19346
19615
19340
19341
19610
16647
12738
6160
12732
12734
12735
12736
12737
10999
10992
10991
24616
24614
25638
25637
25635
25634
25631
25630
21139
24946
24947
24944
24945
24942
21135
22727
22720
22722
22723
2212
2217
12588
21789
12762
17512
17510
17517
17514
25092
25090
25096
25095
12855
4510
13460
8526
9421
11645
11644
9426
17775
17773
17772
17771
17770
14783
5283
5285
17779
17778
20668
10940
27942
20661
27940
27946
27945
27944
20007
21394
21390
21392
21393
21398
20914
27493
27492
27497
27499
27498
20918
20449
15317
9479
29082
29083
14265
7304
13929
9284
7309
10247
11911
18423
18421
11914
18424
11916
15612
12933
15611
12936
15617
15614
12935
15618
7045
10207
7047
7041
10203
7042
7048
18687
18392
18397
9492
6988
15924
8603
6985
15921
6981
15923
26722
26727
26728
21533
14695
14694
24379
14690
24375
2982
24377
14699
2985
1014
1015
1017
1010
4354
4355
4351
14523
11001
11000
11007
11006
14525
28710
22388
28719
436
437
432
433
431
11345
11347
11340
11341
19111
19113
19117
5705
5706
5700
5701
5703
1437
6425
28860
27019
13661
23802
6893
23804
23805
27139
6895
27131
27136
27137
27135
25402
25403
25156
25407
25409
21345
21342
12692
21899
21895
23383
12699
10836
10831
7297
16362
16361
21094
21092
21091
16364
7822
7820
7827
7825
21098
1431
26264
26267
26260
17180
17181
24765
9369
9365
9363
21273
21272
8987
8980
21275
1832
1831
3799
1838
4980
2156
4986
4989
2159
1950
14068
14069
14067
14065
14062
3249
3241
13258
13259
13254
18980
18982
1481
14209
1487
3308
3309
28520
3307
3304
3302
28525
3300
28527
10610
20054
20055
20051
28842
610
1438
1273
18185
18186
18180
18183
1276
18026
2791
29383
13672
29381
29386
29385
29384
29435
510
29437
29388
516
1227
622
1224
627
1222
624
23125
23656
629
28387
28381
1229
23122
15555
15004
9659
8294
15001
8296
8298
27723
15558
6538
6539
8240
15567
25989
25984
25982
11105
8241
3874
25098
8479
3102
8477
8473
7566
7567
7560
7561
7568
24586
24584
24581
19328
19320
19325
22529
22524
22522
10433
22520
13896
13894
13895
4163
4162
4161
26459
10435
4169
26451
24638
9302
17354
22749
26180
18875
2239
2233
2234
2237
2236
5937
5936
16116
19637
16110
19631
19632
19638
19639
17571
17572
17574
17577
8427
3497
3495
3492
13401
4571
13402
13405
13404
2092
4578
2099
11666
11665
11664
11662
11661
12028
24964
24966
24960
24963
16225
24969
20603
27922
20605
27927
17794
17796
25215
25214
25211
25213
25212
25219
25218
23590
20932
20931
20937
7360
7364
7367
12316
11939
11936
18403
11931
15638
15639
12910
15631
12914
15636
15637
7021
9003
7026
7025
9000
10224
10225
10226
7028
10220
24036
24034
21515
24032
21511
24039
20433
15943
15946
15945
27429
24359
24358
24352
24351
20718
24357
1038
6942
1031
1037
1034
4378
4370
4371
4376
4374
11061
28266
28265
14545
8660
8662
15491
25558
8668
8669
17891
15498
15499
1570
4080
4081
13793
13795
13799
4089
11323
11326
11324
11328
11329
1577
19138
19135
5721
19133
5724
5725
23357
23822
28846
23826
23351
23829
27111
27112
8087
8081
8082
27117
27118
27119
8089
22194
22192
3071
25179
25172
25177
16569
19796
16564
19799
16566
16561
12674
12670
10810
10819
15217
21079
21078
16301
16300
16303
19862
16305
19864
19867
16306
6398
6399
6393
6391
6394
6395
2394
18296
26054
21219
12965
21212
21217
21216
28889
5693
1850
1852
2173
2170
2176
2179
4960
14044
7096
28135
14048
1932
1936
1935
1939
1938
5120
5122
5437
29547
15547
28546
13238
9192
1428
7940
13235
14956
14954
14952
10378
14226
14227
18215
14229
18217
5048
18213
14959
14734
20039
22823
20037
20035
15796
15792
6880
6881
15799
15798
29419
29418
29410
29416
23108
23103
23102
23101
1206
23107
1359
15572
15570
8278
8277
469
8272
8271
8270
26885
26884
26887
26886
26883
6239
8264
8419
8412
8410
8414
12207
20324
5554
7584
9806
9804
7580
9802
9800
22504
22505
22506
22508
26475
26476
15392
6665
14679
5969
4147
4143
15464
3857
24658
3852
28103
3850
24565
11826
22769
16148
18882
16172
19650
19651
16176
16177
16174
16175
5915
5914
5917
16140
23790
24567
5912
17228
17559
17556
17227
17221
17223
17550
10510
4551
11688
11685
11684
11687
11681
11682
27304
24906
24907
24904
27302
27908
20626
20625
27904
27903
20622
20621
20620
25232
8862
17547
18957
16796
16797
16794
16795
6077
21404
12085
6070
21406
20958
20489
2613
2612
2610
20951
20950
20480
20955
20486
20956
21402
7340
10026
10795
22925
24163
13432
7349
21686
21684
21685
21683
21681
19157
23584
12334
12331
12332
9024
10240
9026
29084
7004
7007
18683
24018
21539
24015
24016
18689
24010
24012
24013
22889
22880
22884
22887
740
742
743
747
749
24332
24334
2945
2944
2942
5357
1051
5353
1055
1056
5350
5359
14597
6554
4313
4314
4315
4316
4317
14567
18027
18024
18025
11043
11041
14560
24487
24486
24480
3117
26224
15960
15961
15962
8648
26226
8643
8640
8641
27918
20639
27741
5740
11309
5742
23595
5746
20284
11300
21233
11304
11307
27681
27683
27685
27686
27687
12731
25824
25822
25820
20632
28947
1700
28945
28828
1703
23370
28824
28827
12537
15210
5260
15218
28769
13748
15536
16091
16540
16094
16097
16096
12658
12656
12654
10879
10878
10871
23661
10872
19514
16323
16321
16320
16898
16328
21050
21056
21054
26228
2379
2374
2375
26225
2371
2372
2373
21237
21946
21941
21230
24114
21238
1875
1872
1878
1879
4945
4940
4949
2119
2115
14022
14020
14024
14025
1918
13297
17055
3288
1913
3284
3283
17058
17059
13210
13213
13216
11136
883
882
18239
18238
18370
885
18233
14976
18371
14794
14795
14796
14973
20542
20015
9148
20541
11398
20548
20549
7504
15102
14328
9883
14458
6868
6869
6864
6861
15773
6863
27186
29473
29472
29475
29474
29477
8257
669
667
1262
1261
1260
663
1266
661
1264
8788
8783
15510
15512
15515
8786
10010
7618
7619
5106
7616
7610
7611
7612
7613
1917
1916
8433
8738
18235
8439
9824
9823
9822
9829
9828
23161
23160
23164
23166
23169
22560
22567
9140
6122
26410
26416
26414
26419
24670
24671
4129
4128
24674
8046
24676
4127
4125
4124
5689
28129
28124
28125
5681
5680
5683
5682
420
23153
22784
22785
22782
22781
23781
11518
23783
23782
16159
27096
27093
27092
16150
19671
5971
19673
16154
16155
19677
14799
17206
17205
25782
25781
25789
25030
25033
289
24929
24921
24922
24923
24924
18231
888
18237
2589
14971
25258
14972
25250
25253
25252
25256
284
6057
6051
6050
6052
10004
16047
10000
2638
2635
2632
16463
9227
9226
9590
9220
12358
12352
12351
10264
10265
10267
10268
10269
9048
9046
9045
16141
3544
23295
3542
3543
24072
24073
24070
21551
21554
24075
12712
20979
2964
2967
2966
2960
2963
26785
763
26788
26789
2968
765
24314
24311
1079
1076
5377
5376
5370
1070
5372
13007
13001
13008
4338
4339
4336
4335
4332
4331
3135
1285
14585
14581
18001
18002
18003
27525
27524
20207
20206
20201
27520
27523
27522
17855
27529
20208
17851
15988
15985
15980
5768
5764
23573
5760
23571
15187
27669
27662
15188
23713
18455
25804
1530
28803
8193
2258
6435
28809
8191
9305
23311
23315
12518
12440
12514
12517
15231
12512
15233
7427
26164
7420
18558
7429
16527
16529
6602
12632
29234
6605
12637
6609
6438
10857
16385
23393
16203
21030
19530
19536
19535
19534
19539
29232
22044
22040
12189
2478
12183
12182
12181
23399
2358
2359
2352
2353
2350
2351
2356
21962
21967
21965
21788
21787
21785
21783
17690
17691
17692
17699
3734
4691
4693
4920
4927
4694
4924
13588
13589
11727
11724
11725
5162
5167
5169
4802
20780
17078
20785
17072
17073
2783
4774
4775
9695
14919
14917
14914
20568
20565
20562
9465
9464
10600
10705
4779
664
1791
9462
1797
12154
6842
6843
6840
15750
10608
18013
29328
9469
14572
29450
18251
13518
18258
8233
6591
6592
15534
15532
6596
6597
6599
8238
15538
15511
14579
7632
7630
7631
7637
15514
11956
16039
9842
9846
9848
5813
16033
1241
3093
643
3091
1533
644
647
1246
1249
28324
23143
28323
1539
1538
19245
22239
22236
22234
22235
22232
16215
22546
22547
9317
4103
4102
4109
26434
9641
24693
24690
9640
3377
28148
28149
28142
3890
28146
3894
15995
5950
5952
5955
5957
4618
5958
11531
11537
11534
25018
25012
25017
25015
22095
4612
27341
27343
27346
25272
25271
25270
14974
16166
17261
17260
6039
17262
17265
6037
6036
6035
9205
9207
9206
10066
9203
6980
2656
2655
7389
7380
23939
7386
7387
12371
12376
12377
12379
18600
10288
10289
9069
10285
10282
24051
24052
21573
24054
21578
24059
17485
3567
17483
3565
3568
22846
22840
22843
13395
13394
4486
4487
20999
13390
20995
20996
20991
2903
146
14727
704
2909
707
700
11882
11880
17107
11886
11885
11889
11888
5319
20196
20190
5312
5310
5317
5315
5314
28475
13020
13025
20701
1630
3037
3151
3150
11083
18063
3159
11080
28793
28791
28790
20222
27501
27505
27509
20228
23554
23556
23552
23559
58
23088
23083
23086
23085
29225
29156
29154
29155
29152
29153
25863
3033
25866
25864
23330
23331
23880
23333
23884
23338
8575
8570
8573
15258
15259
15252
12573
15251
12576
15257
15255
7409
7408
7400
19738
16507
19736
16050
19733
16500
22686
22680
6624
12614
12613
6621
26597
26595
26590
26598
24737
24736
24730
24732
29487
19882
19881
19552
19887
19554
19557
19556
22060
13740
13624
2333
13621
13620
13622
13629
25488
25489
8167
25481
25483
25485
21909
3714
3717
15228
3710
2303
18281
3719
21904
17676
17671
13568
13569
4677
4676
2484
4674
13562
13561
28128
11701
29552
5148
7080
120
14362
123
125
20768
128
17013
20764
17011
17016
20761
28825
7957
28121
4658
29008
7951
1182
20509
10690
5422
20506
20507
20505
7244
7242
22789
7248
5074
22837
15887
15730
6822
6823
15883
15734
6827
6828
10543
10549
29303
29301
1902
16088
29305
29304
14930
8816
8815
8814
14286
14935
14938
14939
18275
18273
18271
8818
8219
12642
15089
8747
8210
8742
15081
7652
7654
7655
938
13956
16085
15389
6240
10589
11519
9862
9864
14426
14427
11144
29319
11143
24506
24507
28308
24503
11148
936
12277
934
1513
1512
13819
13815
13811
28161
28163
28164
28166
28169
11836
18562
10603
11832
11558
14667
22211
22218
25071
25072
16883
25079
16887
27363
19500
21043
27369
25299
25295
25297
25292
262
8872
19941
16268
19949
6013
6012
6014
6019
8876
24111
17249
8878
17247
17245
17244
17242
989
10736
10737
10734
10043
984
10731
29352
12394
12395
26017
26011
28414
26018
9089
9087
9086
9083
24835
21593
21591
5081
3503
5087
5086
22864
2674
2677
2929
26840
2927
5330
18599
5334
5337
5336
18592
14631
14630
18597
14635
23191
13049
23620
13044
18736
18041
18733
18730
18731
18739
17812
3178
28411
17814
3171
3174
3176
27568
27328
27758
20243
27564
27567
20246
720
23532
23530
1167
21221
23538
27623
27620
2584
24409
27624
27625
6548
25840
3197
25842
28752
470
29174
476
14733
3192
475
27198
27199
15274
15275
12556
12557
15278
8005
27192
8007
8000
28759
27196
27197
28201
11823
7469
7467
7466
7465
16079
16077
16075
22668
22664
22667
29420
10893
26576
26571
10895
10894
24711
24710
24715
3723
22004
13592
13603
13602
4731
13607
4737
4734
2319
4738
4739
27286
5856
5851
5858
18333
17655
3771
17657
3776
3775
17653
4021
17659
4657
13547
4651
4650
13548
13549
19577
16383
19574
19573
19570
11763
11767
19578
17031
17032
20747
17034
17037
17038
103
104
11120
21927
21293
21292
21294
21297
11124
21929
18346
20521
28412
20527
20529
11127
10386
10381
18349
10388
16925
16926
7269
16920
7265
175
7266
16929
7260
7263
7262
12230
12233
6203
14339
6208
6209
15868
15718
6806
15716
6804
6805
15713
6803
15711
6801
9745
29363
10560
29364
19154
9748
3995
24155
24157
21431
20796
24158
8839
8838
18923
7518
8831
18926
18925
18924
19374
26807
26806
26801
26800
7671
1758
1756
1755
1752
4525
24522
24528
28362
12701
28360
14408
1280
1282
28368
11167
14400
24002
11162
14403
8765
8764
1579
8766
8761
688
8763
6154
1571
686
681
1576
682
13836
13830
13839
12709
28189
5627
28184
28182
14535
28180
28181
8497
8495
8494
8499
8498
5995
23274
28985
23273
11578
11576
11575
4186
11573
23278
11571
19389
1245
19381
19383
22276
22274
22278
22279
25729
25058
25727
25053
25720
25723
7053
6780
6783
27389
27381
245
241
16716
19962
16243
12008
12003
22499
26380
9248
9539
9538
9241
9240
9535
9242
9533
9532
24898
24895
21604
24890
24892
21601
3698
3699
3697
26034
26031
28096
24093
24098
3526
28098
3524
3522
22804
3528
10714
21552
10710
2699
10713
2695
2694
2693
2690
14875
14876
14655
14873
14879
1362
13067
13065
18712
27817
27544
27543
27810
27540
27819
17835
17836
1140
14758
1147
23048
23049
23512
23513
23042
23515
23516
27609
26781
27600
27601
27602
27603
27604
29113
23724
29117
6402
1783
15311
8538
8028
12828
12829
15298
15299
8530
15297
8020
8533
8027
8024
8025
26636
26634
7442
15315
26631
27033
1507
15766
22649
22648
22643
22390
22393
22647
4283
26559
4281
13997
4287
13995
4285
13998
26556
26555
24779
28641
28642
24771
24773
22027
22024
22023
22029
380
1306
28891
4758
13668
4750
13665
4755
13667
4757
16011
5873
16013
19772
5876
16014
11290
3759
17633
17636
17635
3753
3752
3755
1073
4637
2197
2198
2199
21015
11744
11745
11748
19596
19590
20720
20721
20894
20727
20724
20897
39
20728
25556
25555
168
25551
164
13293
13295
162
163
4761
26299
6196
6190
6191
6193
6199
2734
20099
2736
2730
2731
20090
20094
2739
20096
20097
9182
10368
9180
9181
10365
678
9189
16903
7208
16906
7203
16908
7207
12213
12212
12210
6226
12216
12219
12218
671
10509
9763
9765
10500
10503
29344
29340
24172
18943
18942
24177
18947
18946
6374
24178
21525
8851
8850
8856
805
14588
18004
26829
26828
26827
1774
1776
1771
1773
1772
27749
1778
14580
18457
18365
19036
18367
24541
18361
24547
19037
27521
24549
18369
18368
28348
17995
14469
1554
17991
28340
28437
28342
11101
28433
17999
28347
8702
8707
8706
15596
15598
13853
13855
13858
19922
17853
5606
5602
19252
16757
19937
16206
17723
23253
23251
23259
23706
23703
23702
15335
15334
6420
12453
27014
27016
12459
22258
10680
18856
22252
22253
22254
18855
25700
25707
19023
23740
6769
6767
6766
6765
25360
9977
9975
9972
16735
16738
19908
12022
16222
19903
224
223
221
19905
21620
21623
21628
15313
26058
26059
23570
26052
26050
2504
26056
2501
17177
22828
22827
5043
5041
22820
10773
10771
9512
10778
14853
14856
14855
14678
18886
18555
18880
18881
14671
14670
27660
21646
15189
23173
13084
13087
13086
13080
28338
18772
18773
18771
18776
18774
27837
27835
1995
2709
10194
10192
10193
5185
1259
29287
29284
1129
1121
1122
1123
1126
1127
25884
25887
25881
25883
15106
15104
15105
25888
29132
29137
18084
18086
18080
18082
2263
18089
8517
12596
8043
8510
8511
8049
12598
12599
8519
12848
12842
12840
12844
26618
26619
26614
26611
26612
28087
23066
23319
28082
24281
24284
22621
22625
22629
26531
26533
24751
28662
28660
28665
28664
28885
28668
28883
28881
29012
13647
13646
13645
13644
26288
26284
13648
15669
5818
19029
19028
19759
19757
19024
19027
19026
19021
19751
19022
17619
17348
17346
17342
17343
17617
25390
12943
25394
12942
13500
25399
12513
12941
23936
23934
23932
7988
24236
27220
27228
20708
142
143
140
141
20876
20877
20874
20875
20872
20706
149
25579
25570
16693
16696
16695
2713
2710
2716
2715
5454
7221
7220
7955
7954
7952
7227
10343
9165
10340
9160
10694
9162
10344
16961
16965
12279
12271
6242
6243
6245
6246
6247
10526
10524
10521
18630
9709
13319
9702
9707
8870
8873
14991
14996
8874
18969
14995
18967
18966
14998
18964
18963
18962
18960
825
821
8163
26843
26845
6606
15446
26849
15911
1713
1712
5250
14199
1717
15913
5254
5255
14192
1719
14194
15821
15820
15828
28553
18343
11122
28410
11125
14446
14447
24560
23792
24562
28418
28419
23793
5533
3018
17978
10754
17977
3016
17973
17972
8728
12264
8721
8725
8724
8726
13878
5393
13872
13873
13877
5662
5661
5660
5667
5948
11801
23233
23232
23235
23237
23236
11
6400
6401
15
8188
12475
8185
18
8187
8186
8180
27035
7381
7766
7762
3904
3901
6747
6741
6740
6742
9959
9953
9952
201
16202
202
19924
16205
16754
19927
19928
21468
19258
12040
3477
12045
12048
15073
837
5956
834
12918
8885
21460
21867
21865
21862
22043
21869
3658
3654
3655
3650
3651
2524
2526
2520
26077
26078
22048
11465
11461
11460
11463
5067
5062
5069
17153
17151
17150
17405
17407
17158
17401
17400
17402
25185
4408
4400
13313
9574
12824
9579
924
10756
927
14839
14838
11802
5399
11807
11805
20117
26585
24412
27588
27583
15047
27853
27587
27586
27856
9397
785
9395
787
9392
9390
789
9399
9398
18575
18576
18577
18571
18572
15125
15127
15120
27581
26988
26989
28969
26984
26987
26982
7150
18758
18759
27584
12865
9396
8065
11194
786
1379
7482
28214
6595
26678
28747
2899
2898
2895
26670
2896
2891
2890
26674
1106
1107
23291
23004
1453
28065
28967
1109
22359
22358
22609
22607
22605
22604
22351
22353
8898
26516
1721
26512
13135
28609
13136
28603
28602
28605
28606
8896
4921
4794
4795
4790
4792
4926
5836
13720
5834
5832
5833
11259
11256
11253
5838
11251
4699
19007
19005
19004
11784
11785
11780
11781
26361
25372
25373
6028
23914
27204
27205
27203
25510
25511
25517
21981
21983
21982
21985
21987
6024
14301
12789
12788
17367
17362
12787
10321
2779
4899
10325
3003
10329
2771
2772
14304
4896
4894
9499
16945
16944
16411
7978
16941
7975
7977
7976
9494
9147
12257
12256
6264
12253
12252
12251
21180
6268
21186
20854
20856
20857
20850
17094
2641
20858
20859
9724
21454
21321
21323
8190
21329
24139
21458
845
22983
3463
3462
840
19142
17969
849
8890
1582
20584
20585
20589
26869
19367
26866
26863
26860
16661
1739
19360
1731
1737
5237
13124
13122
13123
15806
15805
15804
15800
18328
28470
14318
14319
1593
3077
18325
18324
27446
20327
17959
17958
27442
27443
27441
17951
27448
17954
12716
11615
12491
5640
5643
5642
12719
29077
29076
29073
29072
29078
24893
28297
23215
23214
23748
28298
27050
27052
27055
489
488
484
480
6461
6462
12415
6465
6466
6467
7829
7743
7740
7741
7747
14806
7748
19491
3920
3926
3924
19497
3928
8307
8304
6727
6726
6725
6724
6729
6728
9936
19279
19275
16772
19277
16775
12068
6098
22164
26679
22162
22160
25618
6090
12063
6094
22168
6096
25749
25747
25743
25742
25740
21668
21561
21844
26676
21846
21847
21840
21665
24830
24831
19
3678
3672
3671
3676
3677
3674
2542
19612
26094
26090
7002
11442
11441
11447
11449
11448
23007
3580
5001
3583
3584
3586
3587
5009
17429
14924
17423
17130
17421
17132
17135
17136
903
900
904
905
908
4421
4427
4424
9558
9555
25122
20132
23731
15906
22355
27875
22356
273
27870
28289
27879
26146
29247
29242
14817
18511
18516
18517
14811
11866
11868
18519
8939
14819
14818
15142
15146
15144
15145
7176
7170
7173
7172
7179
1696
1694
1692
1691
1698
13950
12888
12886
12884
12883
26653
26654
26655
26659
14765
14764
14766
24245
24244
24246
24242
1472
28598
28049
28048
28591
23021
28041
1479
23024
23025
28045
28596
22378
12460
22371
22377
8624
4226
4227
4220
15751
28626
26
27
20
28622
22
23
24793
24792
29
15756
13688
11272
13682
11278
13686
13685
19061
23684
23685
23686
23680
23683
17539
27329
25356
25352
25353
1065
5305
25682
25683
29322
25687
14943
23978
23971
18253
22080
27268
27269
22084
22087
22086
22089
22088
27261
27265
25531
25535
2285
2286
19686
19681
19680
19688
8315
4534
17300
17309
10908
6735
9120
9124
9126
10308
10655
10306
10305
6737
15535
10653
8230
16436
7910
7917
8236
7980
6288
8235
6284
6049
8234
26135
26137
20831
20835
189
26138
21303
6363
12133
21308
10622
869
3449
3445
3444
3447
5831
3441
22963
2220
22961
2024
2027
2753
2750
12135
3148
10403
5213
5210
14159
14157
14154
14155
14153
5218
5219
28267
9333
10155
12318
13106
13102
13103
18654
14486
10159
14482
14483
14488
18658
28458
14378
14379
17937
14373
28452
28453
3051
20309
27466
27467
20300
20648
19262
19261
7707
20645
19260
15681
27961
8704
15686
29509
29505
29504
20642
29501
29502
1316
1313
1312
23768
6447
12435
15426
12433
15352
15423
15350
6918
6448
15358
7728
7729
7720
7727
18843
3941
19475
3946
6701
8324
8327
6706
9912
19732
9914
9916
9919
24477
24474
24470
24471
19216
19217
11130
22148
22416
22146
22147
22142
13747
13745
4053
4052
26308
4050
26306
26307
4059
13749
3613
21823
2568
2561
5777
11423
23096
11427
11426
17117
17114
17445
17111
17446
17449
17119
17118
4440
13350
4442
4443
13354
13357
4447
967
962
963
969
24815
24816
24811
24819
20153
20152
20155
20154
20156
20158
20916
1535
1242
3096
27899
27898
27895
27894
27897
646
27893
27892
10466
29265
10464
10465
29260
29261
10460
10461
29269
3237
13352
28490
27825
8911
11849
18829
18826
18824
18822
18535
23891
22549
15162
15164
15166
1613
7113
29193
29191
7117
29197
23323
7119
18795
18791
3303
1675
1670
1672
642
5810
28023
28024
4100
24262
24260
24265
1418
1415
4208
4209
13911
4201
13917
4204
5567
308
22406
300
11213
11211
11214
5814
28494
19049
19048
19047
19046
19043
22313
22314
22317
22316
27792
27793
27791
27796
15243
27794
27795
25332
25333
25330
25331
25336
25335
25338
25339
23950
23951
23952
23953
23403
23400
24691
23409
27242
27243
27245
27246
3898
4892
18979
3892
16180
16187
16186
16184
16633
16632
6118
12748
6114
12747
6117
12740
6112
6113
17328
17320
10929
10928
17325
17327
7282
7933
7932
9458
7286
7936
10673
9456
10670
9450
9452
9101
16988
21148
17145
21145
21144
16453
21146
21141
21140
28369
12296
12295
26111
16404
26115
26114
28756
20816
4549
22944
21368
22946
22947
22943
21493
21360
21363
21490
21496
21495
6263
3428
17588
6260
17584
17587
17581
17582
2000
626
4858
4587
4581
4580
4583
4582
14174
6961
18495
18491
24413
12259
11983
12628
28244
17090
10580
13168
10584
8625
13162
17096
13160
18672
14354
11187
18674
18678
8150
17919
17914
17912
20369
27403
27400
27401
27406
27407
18973
1086
1084
1082
1080
12987
12985
12980
12988
18157
29039
29529
29528
29032
29035
29034
29524
25020
1335
1337
447
446
444
6932
15401
15400
6936
8698
6934
8128
8126
6938
8696
8691
8122
8693
8692
7706
26754
7704
38
7703
33
26758
7708
21326
19182
8343
28924
28920
24459
28922
24455
24457
28929
24452
22434
22435
22439
26326
22129
22126
13768
4078
13765
4076
13762
5797
3967
19457
5791
22989
19458
19459
5799
5798
3639
3633
3631
3469
11406
11404
11409
19980
19987
19236
19238
19988
19989
26210
17461
25474
25477
25473
13377
13375
13374
13371
13370
5132
948
949
943
941
24872
768
24871
21804
24878
6089
19455
16846
16845
19875
16849
6326
12174
12175
12173
6321
6329
6328
9544
29202
29203
9665
9664
29206
10449
29204
9660
15058
29209
9669
18804
18805
18806
25494
18801
21770
21771
18808
8978
15054
8970
8971
8976
9542
14509
7139
7133
26922
26920
26921
23288
410
1654
1655
26694
587
585
26690
26691
580
26693
26698
26699
588
24201
28223
24203
24202
1385
2837
2836
2835
28221
14729
14728
3393
3392
5403
3396
28007
28227
28003
14724
5409
28226
5230
28737
28736
13971
4262
13975
13976
4268
13978
18114
18112
3822
5548
5540
8598
1880
8592
18507
5893
5894
5896
2125
11234
25917
25914
22339
13574
22337
22333
22330
25318
15151
4667
25648
25311
25312
25642
25643
25640
4913
23424
9525
23420
23421
23423
17263
8449
9894
323
9893
9899
16612
16615
22593
12768
22594
6132
6133
11369
3072
10949
10948
3074
3075
16476
16475
16474
16470
9472
9471
10060
24990
21160
21165
5176
10064
1598
2249
26171
26172
2240
24193
21344
24195
24194
24196
9209
27444
9208
3403
3405
3404
3406
3409
3408
22928
133
12550
4870
4873
4872
20321
2068
2069
13498
130
10617
10616
2060
13493
2790
13491
2064
13494
2067
18478
14115
18474
14118
14119
18472
17706
17702
17703
17701
17708
20698
20699
13145
24122
20696
20694
20695
9782
9786
16124
9788
9789
2482
16126
18611
19601
18612
20340
20342
20343
20345
27426
27427
20349
20438
12555
6178
6179
12969
15645
12964
29541
29016
7093
7090
29010
7098
8107
1358
8101
468
466
1357
1355
1354
15399
6482
6951
6480
15390
23059
15395
26771
26777
26779
12559
8365
8367
15454
9066
3184
3185
24438
28765
3181
28944
3183
24432
24430
24436
24437
24434
24435
22103
22456
22106
22108
22459
26343
26341
26346
11397
11396
4019
13709
11391
4012
4010
11399
4014
19430
19431
19435
19439
3980
3983
5796
23857
23851
23853
23852
27165
27161
27160
281
16281
282
27168
16286
1442
25109
24953
25104
25101
25103
3564
8549
23032
24858
14700
24851
23030
24855
24856
2476
22688
2471
2470
17488
7875
23742
7870
7871
16865
6309
12159
6305
13391
6307
6306
6300
6303
12153
10134
10136
10132
10133
7695
9645
29221
9315
29223
29224
10427
9643
18863
21758
21759
18864
4488
18868
18869
11138
26904
26900
9569
27056
3214
3210
1983
3219
1989
2815
569
2816
29488
2812
561
29486
563
567
18286
14706
18284
18282
14250
14701
14252
24225
24223
24221
18289
5429
1188
28573
3375
28570
5421
28576
3371
3370
12410
12413
13957
4247
13955
13954
13953
4240
15374
28683
5523
28685
18139
28687
28686
5529
18131
45
43
13701
7745
23198
23628
23197
23622
23623
23192
23621
6546
15074
15075
6543
6542
6541
19824
27754
15079
25935
29442
25932
25933
23994
23997
23990
23999
23448
29330
19496
12436
16348
345
347
341
7511
349
14294
19375
16670
16672
16675
16674
19379
6150
6152
6153
12705
12704
6158
10967
10962
10969
25664
25666
26480
26483
26485
25669
8302
16499
16498
4788
16491
22715
22711
4837
4520
12432
3211
26153
6584
26159
25591
25596
25594
25595
2262
7997
2260
25599
2266
2267
19014
5820
8750
22908
11635
22900
22901
22905
22906
4813
4810
2042
2043
4814
8232
4819
19013
2048
9413
11612
11610
10638
10635
10633
14138
18459
11260
8231
11946
11942
18456
14136
28797
17728
11082
27998
17725
17722
9345
28794
11087
18064
20221
11073
20419
20417
20411
20412
10091
10097
10096
10094
10098
18931
27508
20658
8914
12949
15663
15662
15661
15660
17741
7079
7075
7070
7071
14395
18635
14390
18632
14393
8683
14399
18639
15915
12490
12495
8166
15441
15918
15449
1817
8680
26719
26718
26711
26712
26714
26716
8389
8388
8387
8385
8384
8383
8382
8380
24411
4389
6092
24415
24417
24419
4381
4387
25346
1370
1372
1374
28216
28961
28746
23294
28966
408
22471
22473
26368
13721
13723
4037
4036
4039
4038
11378
11375
11371
11370
19149
19144
19413
19414
19416
19417
23873
23872
23878
27144
27149
27148
25439
11151
25433
25432
25434
25124
8689
2455
2457
2456
2452
7850
7856
21849
16808
16802
16800
16807
24836
12132
6362
6361
12134
6364
9335
10153
10402
10151
10404
10157
10406
1608
10409
1505
9290
21841
9629
9621
9620
9626
18849
21738
21739
21732
18841
21730
14894
18844
23157
3227
26962
26963
26964
26968
26969
14097
14096
23881
14091
3232
5199
1969
3234
5197
3239
5190
1962
5192
13265
13264
13266
13260
2872
2876
18436
14273
14272
3350
28517
28519
14278
5448
20063
5443
5442
5441
20068
5445
5509
5506
18153
5503
542
547
15608
23604
23606
2845
23601
23603
27774
12792
27777
14984
27779
6569
15059
6565
15055
6566
6560
7685
7682
8569
7680
25951
5136
3827
3826
5470
3821
3828
8444
8446
8440
8443
28508
9153
10335
24107
366
365
362
7530
360
361
16129
16657
16656
16655
19358
16653
16650
12729
12728
6177
6174
6175
12722
6171
10988
7909
10984
10986
16952
10983
25602
24606
24601
24603
24602
24608
24955
24954
21121
21120
22732
22731
22736
22735
22734
22739
17133
16058
2203
2206
2208
2209
11586
11587
7907
21389
21381
16501
17297
17290
17520
12245
4839
4528
4831
13457
4833
4835
4834
13450
13451
7993
7990
11638
7995
9437
11631
5299
5297
5290
17748
13180
13181
27978
27979
27977
27974
20655
17746
17747
21793
8638
6994
12610
20386
20382
20388
20389
20472
20473
20470
20471
20476
20477
20474
9293
7335
9291
9297
9295
18433
11967
11960
18434
11963
11969
15602
12924
12927
15606
15609
12928
8937
10215
7059
28068
8930
7054
18388
4494
14785
18381
8149
8148
15931
15937
15935
15934
8637
8633
8631
8630
26737
26736
26735
9021
26738
2999
24383
24385
2990
2992
2993
2994
21442
53
21444
57
2995
9991
9990
9992
9994
11036
11037
14515
28230
14511
28238
28239
28728
1397
1396
422
1393
1392
1390
531
19885
19164
19165
19166
19167
19160
11350
11357
19169
11354
6412
3458
23672
19291
19294
23814
23817
23816
27128
27120
27123
27125
25415
25142
25412
25146
25418
14001
2335
1427
3476
6699
6698
6690
2438
2433
2432
2437
2436
16356
19837
16354
19835
16825
16829
7837
12110
6346
6349
6348
17199
17197
17195
17191
17190
9357
9604
9354
9609
10171
10172
10176
10177
21246
11035
21715
21717
11032
1807
8998
8999
1803
3787
1801
8992
8993
8991
8996
4997
9648
4992
4993
15020
14078
14074
14071
14073
14072
3259
1544
3252
1941
3254
3255
13240
13247
13244
2850
2853
2855
5461
1492
5462
1494
5464
3334
5469
5468
14213
28533
28532
20043
20047
20045
20048
28727
18172
18173
18176
12519
15818
524
526
527
11865
528
11864
23662
28391
1237
1230
1233
28399
18515
8286
8287
27711
27716
8283
27715
27718
27719
25970
25971
6509
15813
25976
15032
15033
6500
15034
3809
3805
23487
23482
3800
23480
1966
8465
7559
7558
24591
24590
24593
7552
11177
24598
7555
19339
16109
16108
16103
19330
16100
19627
19337
16104
22280
22287
22538
22534
22288
22530
22533
13884
4177
13880
13883
26445
26447
26446
13888
17947
24627
24625
25620
25621
25622
24628
24979
24978
24973
24971
24970
24977
24975
22759
14360
22751
22753
14363
22757
9275
3068
10059
2226
2227
10058
26197
8112
26194
14495
10056
27473
17506
17503
17508
17509
13471
13472
13473
4509
13479
121
25086
2086
2087
2084
11659
11652
11653
11651
17760
27955
20676
20670
27951
27952
17767
20679
129
14276
19618
19344
16134
20450
27483
20454
27487
20456
20457
16644
27489
20909
5211
7314
7311
7310
7312
12307
11901
12300
11904
11905
18412
15628
12907
12906
12904
15622
15620
10232
10230
7034
9011
10235
7037
7038
9018
6163
24025
24024
24027
24026
21501
21500
21503
24022
24028
6164
6167
6166
26000
15959
6431
15483
15482
15481
15952
15485
7784
7783
7780
14681
14688
1008
1006
1004
1003
1002
1000
4345
4340
28252
11018
28257
28706
28707
28709
11016
11017
11010
14531
14532
14533
17880
17883
17882
17887
24611
11330
11337
11338
19102
19101
19107
19105
5712
28876
23340
11489
23342
11487
11483
11482
11481
27101
19141
25169
25167
25165
16596
16599
28593
12680
21889
12682
12686
12687
12688
21881
21883
21885
21887
10822
23026
10820
10821
10829
7817
7812
7811
5094
23750
21085
21086
19814
16376
19817
9276
19813
9588
26275
26273
26270
26271
9379
13380
9371
4490
9377
9376
21263
1829
1828
1827
1822
2410
2413
2412
4499
2417
2416
2669
4970
18823
4972
6820
15886
1920
3277
1922
3275
3272
3273
1926
14055
6825
4221
13220
13224
13226
18996
14236
14235
14946
14233
18990
14942
28625
14238
5585
5487
3313
3315
5482
5480
20029
28621
20021
14104
6473
18196
18197
62
6474
20608
5328
509
506
29396
29425
29422
29391
500
29421
23649
1210
1211
634
1217
637
23136
23137
23134
23643
23130
6521
6520
15542
8269
6527
15018
15019
27734
8261
15549
16821
18895
25997
25994
19834
25990
25991
16823
16353
3869
3863
3861
3866
8409
8400
19468
7572
9818
9819
7577
7576
9814
9815
9817
9813
15437
6341
19466
18905
22511
26468
4156
4157
4154
18901
26465
26464
12118
28117
28111
28112
24640
24645
13461
4511
8334
22771
15432
4515
6714
11279
19643
5901
16165
19312
5904
15086
16169
5908
3488
17560
17561
3482
8214
13412
11641
13410
13411
4567
13417
4569
11670
11675
11676
11677
11679
24911
17802
24917
27932
20611
20617
20615
20618
27939
17783
17781
25206
25207
25200
25209
16787
16786
16783
16782
3162
16788
6065
12096
6062
2604
2605
2600
2601
2602
20927
2608
2609
24023
10781
10780
10039
10038
10789
10788
138
21695
21697
21690
21693
21692
7373
7372
7370
7376
7375
27514
21245
12327
12326
11920
11921
11922
11923
11924
11925
11926
21243
10258
9030
9031
29099
7019
10250
29095
7015
10255
29092
10257
29090
21522
24001
18692
18695
18697
24004
18699
18698
24009
752
750
757
24344
24346
3781
24340
24341
2954
24348
2951
1026
1020
5349
4366
4361
4718
18034
18032
18039
18038
28278
11078
11079
14552
28271
3106
11076
3101
14554
8672
15975
8676
8675
8679
8678
15978
13783
4090
13787
13784
3326
4046
23587
5736
23582
11319
13751
11315
5738
23589
11310
19128
27693
19120
19121
19126
19127
25837
25830
25839
26310
13635
20444
28859
23364
28855
8097
8095
8094
12520
15203
15202
12529
15208
8099
22189
22180
22184
23652
16578
16579
14422
16574
16572
16570
12666
6656
6655
6653
6652
10808
10804
10806
10800
6384
16319
6382
16312
21067
21065
19876
19874
16315
2382
26258
2384
2386
26254
2388
24801
17809
26253
21832
21209
21201
21206
21204
1849
1844
4958
4959
2169
4953
2167
2160
2163
14030
14032
14039
14038
17046
17040
1908
1909
5137
3295
1905
5133
1903
5131
5130
13206
11910
13209
14961
14960
14788
14969
14784
18202
14782
18200
14780
20555
20006
20551
20559
15266
27191
15263
12541
12812
15780
15782
6892
15784
15785
15787
29407
12934
10907
27182
27181
12938
1278
1279
618
619
1270
1272
611
616
617
614
8798
8799
15569
8792
8793
15560
8245
26894
26890
1493
8426
3593
8425
8420
5466
1498
3590
1499
28535
9838
9831
9836
9837
9834
23115
23116
15039
23119
22577
22576
10302
26401
26402
26405
26404
26406
26408
24663
4131
12184
4133
24669
4137
28132
12609
5696
5697
3847
22795
22797
760
19726
16149
19668
19667
5962
7914
19661
19660
17548
17549
16513
17540
17237
17232
17231
13438
13439
13430
13431
4543
4542
4545
4544
6289
11698
11699
11696
11694
970
24570
27317
27314
24933
24932
27318
27319
2594
27919
6287
2593
20630
20631
27912
20636
25224
25227
25220
25221
25222
180
6041
6636
2621
2626
2627
20943
20946
9582
7350
9580
9586
7354
20674
7356
9234
9235
9236
9589
9230
9232
10014
12348
12341
12347
12346
9409
10276
10272
9051
9053
9055
9057
21548
24061
24060
24063
24064
24066
22898
20490
22893
20498
22894
27730
776
771
26794
773
772
778
24323
24321
72
24325
2971
2976
24378
1042
1041
1040
1047
5367
1045
5369
4302
4300
4307
4306
4304
24498
11052
14573
14574
14575
14577
11058
11059
18018
24496
24497
3123
17846
3126
16136
8651
15994
8654
15992
5751
23568
23564
23561
23563
15197
15196
15191
15192
27674
15199
27670
18641
22964
28393
23308
28839
28832
28836
23304
15222
15227
23665
7435
7432
16556
23669
16550
2022
16552
16559
6674
6677
12647
12640
6670
6673
6672
16082
12648
16084
2326
9312
10868
10863
10861
10866
27717
16331
16881
19854
19855
19856
19501
19859
16889
19509
26239
2368
2367
2362
26234
28717
21954
21955
21952
21225
21950
13284
28243
14520
17682
1867
17680
1869
3720
14526
4931
4685
13593
4683
4938
4939
28246
4689
11734
11730
11733
11732
2103
2101
2104
5114
5116
14019
1610
14015
14014
14011
17062
17061
17060
6505
20798
10489
14150
10480
10481
14908
14901
27070
14902
20572
20575
20579
20578
1788
264
17643
6878
6877
6876
17641
6871
15761
29463
17392
29464
29465
18227
3804
18204
8220
16335
679
8226
676
4648
672
3803
18834
15502
15500
3802
15507
7606
7605
7602
7601
7600
4641
18306
2495
4647
9851
9856
9857
9858
18653
28483
1257
28481
23171
23176
28486
28484
28334
23178
28333
28332
23465
22556
22555
22552
26429
4111
26426
26422
26420
24689
7101
24685
24684
24687
24683
28159
17932
7891
23145
14370
23797
23794
5942
5943
5940
23791
23798
27086
3346
14445
25029
25794
25027
25024
25022
25791
25792
25793
27334
27335
19134
27333
27460
19629
931
25249
3345
25240
25246
25244
25245
28524
119
17214
6029
17216
17212
6021
6023
17218
3029
10070
10072
10079
19335
2643
19625
18782
9213
9210
9216
12364
12368
9072
10298
9078
9079
21567
21565
21563
21562
24041
21560
24048
3555
22536
3553
3552
3550
3559
20960
20966
2914
2916
2919
712
24306
24307
4172
5300
5302
5303
5304
1064
5306
13017
13012
13011
1525
4329
4320
4324
4327
4326
18078
3145
1526
14596
3149
18072
18075
14593
14590
27537
20214
17868
20212
27533
17863
16640
27539
28444
12702
5779
23549
23548
27133
23541
5775
23094
23097
5776
27659
28052
27653
24259
27654
25879
29147
29146
29140
25871
29149
29148
23327
23890
28813
23895
28815
23321
23896
23898
23329
25151
15249
12560
12563
7410
7411
7417
16536
16534
3105
12620
6617
12627
12624
6619
16089
10840
10841
10844
10847
10848
28586
21022
21026
19525
19526
19521
19523
12198
23002
22055
22052
3507
22058
2345
26211
2347
26216
26219
28909
2349
2348
22754
22756
25493
21979
21974
21975
21977
21971
21796
21973
1889
3702
17664
1885
1884
17661
17660
17662
2121
2123
2122
13579
4669
4918
4919
13575
2128
13576
13570
4662
6445
15353
6911
15890
12431
28174
15422
17009
15344
6830
20779
136
134
20775
139
17002
17005
17006
9689
9688
15359
9683
12438
9685
15728
28630
5590
20519
20516
7250
7251
7252
15745
6856
15741
15748
83
22951
29334
29445
29446
29331
14927
8805
14925
14292
14922
18245
8809
14929
14928
6583
6582
8758
15527
8207
6588
8202
8751
7624
7626
7620
7622
7628
21095
9878
9879
13961
9875
9870
9871
11157
24519
11150
14433
24515
24514
24517
11159
11158
28319
1501
1506
3088
19477
3087
28310
23154
28316
658
3082
22208
22205
22204
18261
13805
13803
28177
3887
3886
3883
3889
3888
22083
11524
11523
11528
18046
18047
18425
25005
22220
25003
25009
27357
25260
25261
25263
25264
25266
25267
19955
16276
19951
16272
27950
16279
6007
6004
6005
17766
27953
17273
17271
17276
17277
17275
16112
7395
997
9273
7390
993
7392
10724
10726
7399
10051
10722
12388
22368
12386
12381
12380
26005
26007
26006
17844
21459
9098
9090
27566
21581
5098
5099
17491
3575
22857
5093
22852
22853
5097
4497
2665
4491
20989
20986
20984
13388
4498
2939
2936
2934
2935
18589
5324
5320
11895
18583
11897
14603
18587
5329
20186
20187
20184
20182
20180
20188
13039
13036
13030
18725
18727
18721
18051
23412
28788
23531
3168
28780
3164
28783
28784
28785
28786
28787
27518
27519
20234
27515
20230
27511
27513
733
735
739
23520
23525
23526
23529
27634
27637
27639
27638
13743
25857
25856
25855
25854
25853
4051
29163
29167
8566
8565
12811
26300
27189
27188
20902
11831
4058
12818
15269
20455
27629
7479
7471
7473
7474
7475
7477
16518
16519
19728
28370
16046
19095
19096
19725
19722
19093
6638
22692
6630
6635
12606
14416
26581
26583
14415
26587
26588
28376
24726
24724
24725
24720
24532
19540
21005
19544
15000
2008
22076
22077
22072
2323
2322
2320
2908
13633
2329
4709
4708
3619
8931
3760
3761
21919
3766
21912
21911
21916
21914
17649
17391
17390
17393
17640
17647
17394
17645
17396
2498
13559
2491
13552
13551
13550
13557
13556
4644
13554
19894
19897
19890
19891
19893
11773
11775
7893
11777
11776
17024
17020
5151
5150
5152
5157
17028
116
111
20751
20750
20757
20756
11907
20536
20535
20531
18418
8552
7271
12551
7278
12554
8557
6833
15721
6836
15896
15897
15899
6839
29314
10557
29316
10555
29311
29313
8006
10559
2869
16454
27194
8822
18269
8826
8824
18917
18912
18265
18267
15098
8778
15624
15091
15094
15096
8775
7645
7648
11873
5498
1747
1742
1743
3306
14413
11172
24538
14417
11176
11175
11174
28378
14419
11178
24537
24534
10310
1298
5492
7299
1293
1290
1563
1565
1566
10645
21506
10316
13820
24020
5638
5639
4441
28196
28191
28190
28192
8483
8485
8486
8489
